0
0.706268
0.99884
0.706268
0
-0.706268
-0.99881
-0.706268
0
0.706268
0.99881
0.706268
0
-0.706268
-0.99881
-0.706268
0
0.706268
0.99884
0.706268
0
-0.706268
-0.99881
-0.706268
0
0.706268
0.99881
0.706268
0
-0.706268
-0.99881
-0.706268
0
0.706268
0.99884
0.706268
0
-0.706268
-0.99881
-0.706268
0
0.706268
0.99884
0.706268
0
-0.706268
-0.99881
-0.706268
0
0.706268
0.99881
0.706268
0
-0.706268
-0.99881
-0.706268
0
0.706268
0.99884
0.706268
0
-0.706268
-0.99881
-0.706268
0
0.706268
0.99881
0.706268
0
-0.706268
-0.99881
-0.706268
0
0.706268
0.99881
0.706268
0
-0.706268
-0.99881
-0.706268
0
0.706268
0.99881
0.706268
0
-0.706268
-0.99881
-0.706268
0
0.706268
0.99884
0.706268
0
-0.706268
-0.99881
-0.706268
0
0.706268
0.99884
0.706268
