0
1.01529
1.58663
1.51529
0.951057
0.293732
-0.0477533
0.102749
0.587785
1.01529
0.99881
0.397251
-0.587785
-1.51529
-1.94987
-1.70627
-0.951056
-0.102749
0.411055
0.397251
-2.4762e-07
-0.397252
-0.411025
0.102749
0.951056
1.70627
1.94987
1.51529
0.587785
-0.397251
-0.998809
-1.01529
-0.587785
-0.102749
0.0477837
-0.293732
-0.951057
-1.51529
-1.5866
-1.01529
-4.95239e-07
1.01529
1.58663
1.51529
0.951056
0.293732
-0.0477532
0.102749
0.587785
1.01529
0.99881
0.397252
-0.587785
-1.51529
-1.94987
-1.70627
-0.951056
-0.102749
0.411054
0.397251
-7.42859e-07
-0.397251
-0.411025
0.102749
0.951057
1.70627
1.94987
1.51529
0.587785
-0.39725
-0.99881
-1.01529
-0.587784
-0.102748
0.0477533
-0.293732
-0.951057
-1.51529
-1.5866
-1.01528
-9.90479e-07
1.01529
1.5866
1.51528
0.951056
0.293732
-0.0477535
0.102749
0.587786
1.01529
0.99884
0.397252
-0.587785
-1.51529
-1.94987
-1.70627
-0.951057
-0.102748
0.411054
0.397251
