0
0.309017
0.587785
0.809017
0.951057
1
0.951057
0.809017
0.587785
0.309017
1.2381e-07
-0.309017
-0.587785
-0.809017
-0.951057
-1
-0.951056
-0.809017
-0.587786
-0.309017
-2.4762e-07
0.309017
0.587785
0.809017
0.951056
1
0.951056
0.809017
0.587785
0.309017
3.7143e-07
-0.309017
-0.587785
-0.809017
-0.951057
-1
-0.951057
-0.809017
-0.587786
-0.309017
-4.95239e-07
0.309017
0.587785
0.809017
0.951056
1
0.951057
0.809017
0.587785
0.309018
3.38821e-08
-0.309016
-0.587785
-0.809017
-0.951057
-1
-0.951056
-0.809017
-0.587786
-0.309017
-7.42859e-07
0.309017
0.587785
0.809017
0.951057
1
0.951057
0.809017
0.587785
0.309018
2.81502e-07
-0.309017
-0.587784
-0.809017
-0.951056
-1
-0.951057
-0.809017
-0.587785
-0.309016
-9.90479e-07
0.309017
0.587785
0.809016
0.951056
1
0.951056
0.809018
0.587786
0.309017
-6.41213e-07
-0.309016
-0.587785
-0.809017
-0.951056
-1
-0.951057
-0.809017
-0.587786
-0.309018
