0
0.0620056
0.166562
0.281957
0.381593
0.454557
0.505374
0.545774
0.584717
0.621941
0.646903
0.642175
0.534462
0.346057
0.12378
-0.0822408
-0.240086
-0.346057
-0.418152
-0.477689
-0.530592
-0.559929
-0.534457
-0.428295
-0.240083
2.71201e-06
0.240088
0.4283
0.534461
0.559932
0.530595
0.477691
0.418154
0.346057
0.240088
0.082243
-0.123778
-0.346054
-0.534457
-0.64217
-0.646897
-0.559929
-0.41815
-0.263812
-0.123776
2.72132e-06
0.123783
0.26382
0.418157
0.559935
0.646903
0.642175
0.534462
0.346057
0.12378
-0.0822406
-0.240086
-0.346057
-0.418152
-0.477689
-0.530592
-0.559929
-0.534457
-0.428295
-0.240083
2.5779e-06
0.240088
0.4283
0.534461
0.559932
0.530595
0.477691
0.418154
0.346057
0.240086
0.082241
-0.12378
-0.346057
-0.53446
-0.642173
-0.6469
-0.559932
-0.418154
-0.263816
-0.12378
-1.99303e-07
0.12378
0.263816
0.418154
0.559932
0.646902
0.642175
0.534462
0.34606
0.123783
-0.0822374
-0.240083
-0.346054
-0.418149
-0.477687
